
Project 2 created by Harshita.
Kilogram to Pound conversion
Enter number 1: 
2
Enter number 2: 
8
Kilogram		 Pound
2				0.90718474
3				1.3607771100000001
4				1.81436948
5				2.2679618500000003
6				2.7215542200000002
7				3.17514659
8				3.62873896


Coversion table for feet-inch to meters
		Inches
Feet	0			1			2			3			4			5			6			7			8			9			10			11			
0		0.00000		0.02540		0.05080		0.07620		0.10160		0.12700		0.15240		0.17780		0.20320		0.22860		0.25400		0.2794
1		0.30601		0.33141		0.35681		0.38221		0.40761		0.43301		0.45841		0.48381		0.50921		0.53461		0.56001		0.5854
2		0.61202		0.63742		0.66282		0.68822		0.71362		0.73902		0.76442		0.78982		0.81522		0.84062		0.86602		0.8914
3		0.91803		0.94343		0.96883		0.99423		1.01963		1.04503		1.07043		1.09583		1.12123		1.14663		1.17203		1.1974
4		1.22404		1.24944		1.27484		1.30024		1.32564		1.35104		1.37644		1.40184		1.42724		1.45264		1.47804		1.5034
5		1.53005		1.55545		1.58085		1.60625		1.63165		1.65705		1.68245		1.70785		1.73325		1.75865		1.78405		1.8094
6		1.83606		1.86146		1.88686		1.91226		1.93766		1.96306		1.98846		2.01386		2.03926		2.06466		2.09006		2.1154
7		2.14207		2.16747		2.19287		2.21827		2.24367		2.26907		2.29447		2.31987		2.34527		2.37067		2.39607		2.4214
8		2.44808		2.47348		2.49888		2.52428		2.54968		2.57508		2.60048		2.62588		2.65128		2.67668		2.70208		2.7274
9		2.75409		2.77949		2.80489		2.83029		2.85569		2.88109		2.90649		2.93189		2.95729		2.98269		3.00809		3.0334

Process finished with exit code 0
